 1  1 
 2  1 
 3  1 
 4  0 
 5  0 
 6  1 
 7  1 
 8  0 
 9  0 
 10  0 
 11  0 
 12  1 
 13  1 
 14  1 
 15  1 
 16  0 
 17  0 
 18  0 
 19  1 
 20  0 
 21  1 
 22  1 
 23  1 
 24  1 
 25  0 
 26  1 
 27  1 
 28  0 
 29  0 
 30  1 
 31  0 
 32  1 
 33  1 
 34  0 
 35  0 
 36  1 
 37  0 
 38  0 
 39  0 
 40  1 
 41  1 
 42  1 
 43  1 
 44  0 
 45  1 
 46  0 
 47  1 
 48  0 
 49  1 
 50  0 
 51  0 
 52  0 
 53  0 
 54  0 
 55  1 
 56  1 
 57  1 
 58  1 
 59  0 
 60  1 
 61  0 
 62  0 
 63  0 
 64  0 
 65  1 
 66  1 
 67  0 
 68  1 
 69  1 
 70  1 
 71  1 
 72  0 
 73  1 
 74  1 
 75  0 
 76  0 
 77  0 
 78  1 
 79  0 
 80  1 
 81  1 
 82  0 
 83  1 
 84  0 
 85  0 
 86  1 
 87  1 
 88  1 
 89  0 
 90  0 
 91  0 
 92  1 
 93  1 
 94  0 
 95  1 
 96  0 
 97  0 
 98  0 
 99  0 
 100  1 
 101  1 
 102  1 
 103  0 
 104  0 
 105  1 
 106  1 
 107  1 
 108  0 
 109  1 
 110  0 
 111  1 
 112  1 
 113  1 
 114  0 
 115  0 
 116  1 
 117  0 
 118  0 
 119  1 
 120  0 
 121  1 
 122  1 
 123  1 
 124  1 
 125  0 
 126  0 
 127  1 
 128  1 
 129  0 
 130  1 
 131  1 
 132  0 
 133  0 
 134  1 
 135  1 
 136  0 
 137  0 
 138  0 
 139  0 
 140  1 
 141  1 
 142  0 
 143  0 
 144  1 
 145  0 
 146  0 
 147  1 
 148  1 
 149  1 
 150  1 
 151  1 
 152  1 
 153  1 
 154  0 
 155  1 
 156  1 
 157  0 
 158  1 
 159  1 
 160  0 
 161  0 
 162  0 
 163  1 
 164  1 
 165  1 
 166  0 
 167  0 
 168  1 
